0 -3 -2 -11 -4 
-2 -4 -3 -11 
-3 -11 -4 
-4 -11 
-11 -4 -3 -2 0 

2 1 
1 2 

2014 -789 1996 -2014 
1996 -2014 -789 
-789 -2014 
-2014 -789 1996 2014 

9 8 7 5 4 2 6 1 -3 -9 
8 5 7 1 4 2 6 -9 -3 
7 4 6 -3 1 2 5 -9 
6 1 5 -9 -3 2 4 
5 1 4 -9 -3 2 
4 1 2 -9 -3 
2 -3 1 -9 
1 -9 -3 
-3 -9 
-9 -3 1 2 4 5 6 7 8 9 

0 -3 -2 -11 -4 
-2 -4 -3 -11 
-3 -11 -4 
-4 -11 
-11 -4 -3 -2 0 

3 2 1 0 
2 0 1 
1 0 
0 1 2 3 

54651 1565 62 0 1561 2 10 -165 -60 33 
1565 1561 62 0 33 2 10 -165 -60 
1561 33 62 -60 0 2 10 -165 
62 0 33 -165 -60 2 10 
33 0 10 -165 -60 2 
10 0 2 -165 -60 
2 -60 0 -165 
0 -165 -60 
-60 -165 
-165 -60 0 2 10 33 62 1561 1565 54651 

0 -1024 
-1024 0 

203 -1024 0 
0 -1024 
-1024 0 203 

96 4 8 -6 
8 -6 4 
4 -6 
-6 4 8 96 

